Results of some model in version of 27/02/2017


Model of 2-state oscilator
for_benchmark\\enumerative\\repressilators - affine\\2D\\model_2D_1P_10kR.bio")
Number of terminal components is: 207
1 terminal components:[[0.15673857778435107, 0.19517733052513317]]; 2 terminal components:[[0.19517733052513317, 1.0], [0.0, 0.014475668684395766]]; 3 terminal components:[[0.11914454652165332, 0.12053885457316671]]; 4 terminal components:[[0.019128799606160662, 0.019923798500510008], [0.11582256952381728, 0.11704816153886763], [0.01593255241737871, 0.016001550685074407], [0.11864292430118296, 0.11914454652165332], [0.020353170751543647, 0.025607561076224687], [0.015308969152510657, 0.015355847722174104], [0.02914971661785026, 0.05177202591958964], [0.016679921613929522, 0.016729663371826204], [0.1127160259093115, 0.11388870329945278], [0.016775188970198217, 0.017516125278202777], [0.12053885457316671, 0.12066221297934147], [0.10908381564851706, 0.10935820252406458], [0.09609079838723195, 0.09863824748371817], [0.027438078453456912, 0.027603756047381377], [0.13497495396632128, 0.13611552279242356], [0.014475668684395766, 0.014498891379737025], [0.014787850624168429, 0.014788059049022584], [0.129719426630835, 0.13419636974147642]]; 5 terminal components:[[0.08244505453489433, 0.08254384952492969], [0.07998900687102475, 0.08020295485811656], [0.017516125278202777, 0.019128799606160662], [0.014498891379737025, 0.014787850624168429], [0.12798620880767628, 0.1295890359894606], [0.015849324870145672, 0.01593255241737871], [0.10935820252406458, 0.1127160259093115], [0.01660390245520666, 0.016679921613929522], [0.02672478351965821, 0.027438078453456912], [0.07767505795430872, 0.07796741025828811], [0.11388870329945278, 0.11510720428191452], [0.08984316589239816, 0.09609079838723195], [0.10908065876049061, 0.10908381564851706], [0.13611552279242356, 0.15439986684186865], [0.08119846264501963, 0.08162083523311738], [0.1053843422776189, 0.10583820481719575], [0.07265914092773898, 0.07298860099647399], [0.08378990294220111, 0.08391368076575939], [0.07615373179068524, 0.07694602160684386], [0.11704816153886763, 0.11864292430118296], [0.07374718112431805, 0.07441433727211849], [0.014923234599040157, 0.015308969152510657], [0.02824212470850327, 0.02914971661785026], [0.06994894206542544, 0.0699570638841114], [0.016729663371826204, 0.016775188970198217], [0.019923798500510008, 0.020353170751543647], [0.07141323867441379, 0.0719430749984229], [0.10729948180678227, 0.10827016987718488], [0.05177202591958964, 0.06935886761032473], [0.13419636974147642, 0.13497495396632128], [0.07458570905839872, 0.0753367841082292], [0.12066221297934147, 0.12432835820895523], [0.0851793533875296, 0.08544254658182522], [0.10366530690713291, 0.10441619438779004], [0.09863824748371817, 0.09872837433045456], [0.07881505213375822, 0.07884975749372142]]; 6 terminal components:[[0.015623258396862934, 0.015849324870145672], [0.15439986684186865, 0.15460595678963338], [0.0881669874242564, 0.0886719615296617], [0.07694602160684386, 0.07710459183490666], [0.11510720428191452, 0.11582256952381728], [0.1295890359894606, 0.129719426630835], [0.02612288351274314, 0.02672478351965821], [0.07796741025828811, 0.07844726828410804], [0.08391368076575939, 0.08445395513377103], [0.10441619438779004, 0.1053843422776189], [0.0699570638841114, 0.07141323867441379], [0.07298860099647399, 0.07374718112431805], [0.08162083523311738, 0.08174616871645933], [0.07975230414557463, 0.07998900687102475], [0.10583820481719575, 0.10729948180678227], [0.10260369369669671, 0.10366530690713291], [0.07441433727211849, 0.07453717818552995], [0.09872837433045456, 0.10127855374120431], [0.014788059049022584, 0.014923234599040157], [0.016465861096918465, 0.01660390245520666], [0.12432835820895523, 0.12798620880767628], [0.10827016987718488, 0.10908065876049061], [0.027603756047381377, 0.02824212470850327], [0.06935886761032473, 0.06994894206542544], [0.08020295485811656, 0.08067575187778654], [0.08254384952492969, 0.08348797852276385], [0.08544254658182522, 0.086615662132334], [0.0820390266654824, 0.08212638494805322], [0.0753367841082292, 0.07615373179068524], [0.07884975749372142, 0.07931539700757403], [0.0719430749984229, 0.07224546783006455], [0.0811106014665932, 0.08119846264501963], [0.0850411198547427, 0.0851793533875296]]; 7 terminal components:[[0.025607561076224687, 0.02612288351274314], [0.07710459183490666, 0.07759793762355176], [0.0886719615296617, 0.08984316589239816], [0.08348797852276385, 0.08378990294220111], [0.086615662132334, 0.08738939535369025], [0.07931539700757403, 0.07975230414557463], [0.08212638494805322, 0.08244505453489433], [0.08445395513377103, 0.0850411198547427], [0.10127855374120431, 0.10260369369669671], [0.07224546783006455, 0.07265914092773898], [0.07844726828410804, 0.07881505213375822], [0.08067575187778654, 0.0811106014665932], [0.07453717818552995, 0.07458570905839872], [0.015605073362920543, 0.015623258396862934], [0.016001550685074407, 0.016465861096918465], [0.08174616871645933, 0.08198818897637795], [0.15460595678963338, 0.15673857778435107]]; 8 terminal components:[[0.07759793762355176, 0.07767505795430872], [0.08738939535369025, 0.0881669874242564], [0.08198818897637795, 0.0820390266654824], [0.015355847722174104, 0.015605073362920543]]; 


Model of 3-state oscilator
for_benchmark\\enumerative\\repressilators - affine\\3D\\model_3D_1P_8kR.bio
Number of terminal components is: 21
Number of terminal components for particular parameter space:
1 terminal components:[[0.005650099785005889, 0.05967347383675714]]; 2 terminal components:[[0.05967347383675714, 0.2116475329209115], [0.0039054133905860183, 0.005650099785005889]]; 3 terminal components:[[0.2632395765960822, 1.0], [0.0035820894061802037, 0.0039054133905860183], [0.2116475329209115, 0.24681481481481482]]; 4 terminal components:[[0.24681481481481482, 0.2632395765960822], [0.0033350487574781203, 0.0035820894061802037]]; 5 terminal components:[[0.003127797788402118, 0.0033350487574781203]]; 6 terminal components:[[0.0029465574147611354, 0.003127797788402118]]; 7 terminal components:[[0.0027851705885432758, 0.0029465574147611354]]; 8 terminal components:[[0.002639131681278834, 0.0027851705885432758]]; 9 terminal components:[[0.0025063704838974295, 0.002639131681278834]]; 10 terminal components:[[0.0023840198706187245, 0.0025063704838974295]]; 11 terminal components:[[0.0022709655213214277, 0.0023840198706187245]]; 12 terminal components:[[0.0021652928500044515, 0.0022709655213214277]]; 13 terminal components:[[0.002066416888274043, 0.0021652928500044515]]; 14 terminal components:[[0.0, 0.002066416888274043]]; 


Model of 4-state oscilator
for_benchmark\\enumerative\\repressilators - affine\\4D\\model_4D_1P_10kR.bio
Number of terminal components is: 26
Number of terminal components for particular parameter space:
1 terminal components:[[0.0, 0.001864319596121489]]; 2 terminal components:[[0.21496774193548385, 1.0], [0.0027705021606653103, 0.003157226612929523], [0.18914939702915504, 0.19651707482954625]]; 3 terminal components:[[0.19651707482954625, 0.21496774193548385], [0.0024796315741917483, 0.0027705021606653103], [0.003157226612929523, 0.0053948559373378025]]; 4 terminal components:[[0.002241680563139263, 0.0024796315741917483], [0.0053948559373378025, 0.005884657655411463]]; 5 terminal components:[[0.002039544290985961, 0.002241680563139263], [0.006437748093443933, 0.007075783955877548], [0.008744990281178536, 0.025999075151943128]]; 6 terminal components:[[0.025999075151943128, 0.055764914423345545], [0.001864319596121489, 0.002039544290985961], [0.11248207754276097, 0.18914939702915504], [0.007826867751658053, 0.008744990281178536], [0.005884657655411463, 0.006437748093443933]]; 7 terminal components:[[0.055764914423345545, 0.06705241152214543], [0.07416992388209474, 0.11248207754276097], [0.007075783955877548, 0.007826867751658053]]; 8 terminal components:[[0.06705241152214543, 0.07416992388209474]]; 


